1	2155978
51	2155978
101	2155978
151	2155978
201	2155978
251	2168957
301	2408515
351	2763792
401	3052833
451	3345757
501	3664035
551	4074872
601	4299379
651	4329414
701	4625561
751	4860509
801	4938632
851	5001125
901	5373348
951	5610782
1001	5757409
1051	5882047
1101	5852402
1151	5905965
1201	5955068
1251	5986919
1301	6297002
1351	6243920
1401	6432720
1451	6507337
1501	6701946
1551	6887892
1601	6860677
1651	6860123
1701	6850885
1751	6867582
1801	7057991
1851	7046868
1901	7107735
1951	7038563
2001	7405439
2051	7573615
2101	7713520
2151	7714331
2201	7672200
2251	7656296
2301	7918197
2351	8021677
2401	7944080
2451	8016850
2501	8023094
2551	7997225
2601	8030425
2651	8041571
2701	8043598
2751	8118317
2801	8090645
2851	8104821
2901	8094165
2951	8093157
3001	8165308
3051	8056918
3101	8070933
3151	8319994
3201	8367380
3251	8330614
3301	8346942
3351	8308765
3401	8302612
3451	8309513
3501	8318331
3551	8356812
3601	8356639
3651	8282774
3701	8325776
3751	8375888
3801	8360490
3851	8291783
3901	8355159
3951	8355881
4001	8343874
4051	8315917
4101	8336279
4151	8336279
4201	8334980
4251	8326252
4301	8289442
4351	8343677
4401	8372078
4451	8425512
4501	8387170
4551	8384111
4601	8328243
4651	8296603
4701	8324758
4751	8339674
4801	8324436
4851	8328996
4901	8288924
4951	8272868
5001	8312708
5051	8420734
5101	8459076
5151	8422406
5201	8341159
5251	8396372
5301	8357398
5351	8359689
5401	8329841
5451	8320935
5501	8383111
5551	8363052
5601	8357864
5651	8355815
5701	8355815
5751	8352176
5801	8347604
5851	8310758
5901	8370216
5951	8369570
6001	8360880
6051	8360880
6101	8360880
6151	8367682
6201	8367682
6251	8347432
6301	8408076
6351	8334037
6401	8416298
6451	8400826
6501	8400266
6551	8353560
6601	8398488
6651	8385509
6701	8461370
6751	8400808
6801	8364708
6851	8364838
6901	8364838
6951	8401844
7001	8312395
7051	8346421
7101	8416378
7151	8316510
7201	8295306
7251	8282991
7301	8285989
7351	8273736
7401	8273736
7451	8274915
7501	8284551
7551	8278415
7601	8249186
7651	8253067
7701	8256821
7751	8265064
7801	8368267
7851	8309612
7901	8280196
7951	8320956
8001	8313454
8051	8328912
8101	8315191
8151	8310434
8201	8265508
8251	8251257
8301	8234066
8351	8285414
8401	8285414
8451	8299168
8501	8315086
8551	8271674
8601	8273922
8651	8283626
8701	8314297
8751	8323455
8801	8304094
8851	8309856
8901	8298376
8951	8287099
9001	8278290
9051	8280060
9101	8302851
9151	8302851
9201	8302851
9251	8303449
9301	8322577
9351	8311907
9401	8354580
9451	8338175
9501	8338175
9551	8338175
9601	8369289
9651	8385937
9701	8372312
9751	8377015
9801	8305755
9851	8350099
9901	8366128
9951	8366128
