1	1834491
21	1834491
41	1834491
61	1834491
81	1834491
101	1834491
121	1834491
141	1834491
161	1834491
181	1834491
201	1834491
221	1836891
241	1842297
261	1925919
281	1946236
301	2072948
321	2208988
341	2376811
361	2552978
381	2661434
401	2747189
421	2850191
441	2892135
461	3044826
481	3168311
501	3311042
521	3581036
541	3666487
561	3674452
581	3713544
601	3963269
621	3958724
641	3963990
661	3993543
681	4187086
701	4304987
721	4341412
741	4471311
761	4478125
781	4495211
801	4574171
821	4652037
841	4652896
861	4727662
881	5012579
901	4978588
921	5138912
941	5164051
961	5223076
981	5198711
1001	5301945
1021	5289988
1041	5461164
1061	5449899
1081	5441639
1101	5450932
1121	5450932
1141	5553393
1161	5478778
1181	5471490
1201	5519237
1221	5565210
1241	5584300
1261	5672168
1281	5749653
1301	5748917
1321	5722065
1341	5722065
1361	5714259
1381	5734233
1401	5795017
1421	5758056
1441	5836042
1461	5840531
1481	5860139
1501	5910327
1521	5912832
1541	5911389
1561	5875046
1581	5871594
1601	5871594
1621	5871906
1641	5875074
1661	5875793
1681	5893328
1701	5891824
1721	5955209
1741	5984179
1761	5977947
1781	6012383
1801	6075458
1821	6069672
1841	6077136
1861	6078937
1881	6063641
1901	6069821
1921	6063220
1941	6050178
1961	6057629
1981	6112010
2001	6136779
2021	6126472
2041	6237116
2061	6328504
2081	6389171
2101	6402896
2121	6413119
2141	6399473
2161	6390112
2181	6399211
2201	6399156
2221	6403411
2241	6402788
2261	6402788
2281	6417723
2301	6384788
2321	6394043
2341	6458321
2361	6434541
2381	6394208
2401	6387659
2421	6412367
2441	6403829
2461	6408621
2481	6411173
2501	6408992
2521	6410563
2541	6401607
2561	6381352
2581	6409569
2601	6437872
2621	6422094
2641	6421095
2661	6420203
2681	6420627
2701	6430970
2721	6423133
2741	6414397
2761	6422794
2781	6409643
2801	6396833
2821	6431275
2841	6459631
2861	6459631
2881	6467353
2901	6450864
2921	6457739
2941	6458897
2961	6464415
2981	6439772
3001	6455501
3021	6454887
3041	6453029
3061	6421906
3081	6416253
3101	6414168
3121	6430121
3141	6451912
3161	6441023
3181	6517198
3201	6439490
3221	6410188
3241	6439644
3261	6439243
3281	6443215
3301	6447720
3321	6449494
3341	6440622
3361	6438795
3381	6436480
3401	6436480
3421	6436480
3441	6436480
3461	6434039
3481	6434039
3501	6434039
3521	6450870
3541	6446228
3561	6449164
3581	6449164
3601	6448992
3621	6440245
3641	6422859
3661	6422859
3681	6429246
3701	6439630
3721	6513486
3741	6520144
3761	6665268
3781	6655184
3801	6739882
3821	6754995
3841	6728298
3861	6744448
3881	6756348
3901	6760751
3921	6738852
3941	6738852
3961	6738852
3981	6740287
4001	6740287
4021	6740304
4041	6722846
4061	6724565
4081	6718944
4101	6719545
4121	6719545
4141	6719545
4161	6719545
4181	6719545
4201	6712104
4221	6712104
4241	6705170
4261	6720968
4281	6713726
4301	6716039
4321	6738551
4341	6723680
4361	6723680
4381	6737410
4401	6736482
4421	6738407
4441	6738407
4461	6746931
4481	6737274
4501	6742955
4521	6742955
4541	6746168
4561	6743771
4581	6743771
4601	6749153
4621	6728481
4641	6725246
4661	6725246
4681	6729119
4701	6729119
4721	6722540
4741	6740164
4761	6739028
4781	6739028
4801	6715675
4821	6727386
4841	6741878
4861	6754623
4881	6731630
4901	6731630
4921	6731630
4941	6729397
4961	6729397
4981	6725500
5001	6742231
5021	6793485
5041	6795529
5061	6795529
5081	6773347
5101	6816341
5121	6816417
5141	6822905
5161	6822905
5181	6758770
5201	6758770
5221	6798287
5241	6776161
5261	6769253
5281	6756855
5301	6792064
5321	6762951
5341	6764592
5361	6756544
5381	6750934
5401	6750934
5421	6750934
5441	6718417
5461	6726120
5481	6782797
5501	6776695
5521	6780177
5541	6778435
5561	6756637
5581	6756637
5601	6750876
5621	6750876
5641	6750595
5661	6750595
5681	6750595
5701	6750595
5721	6750595
5741	6750595
5761	6746957
5781	6746957
5801	6745671
5821	6741400
5841	6718245
5861	6718245
5881	6742195
5901	6742195
5921	6761923
5941	6763663
5961	6749312
5981	6742668
6001	6742668
6021	6742668
6041	6742668
6061	6742668
6081	6742668
6101	6742668
6121	6742668
6141	6737610
6161	6747722
6181	6747722
6201	6747722
6221	6746116
6241	6732716
6261	6757944
6281	6759310
6301	6748263
6321	6736498
6341	6622618
6361	6722961
6381	6745902
6401	6745690
6421	6727094
6441	6727094
6461	6727094
6481	6796104
6501	6796104
6521	6796104
6541	6796104
6561	6748466
6581	6745674
6601	6781665
6621	6781665
6641	6813291
6661	6832030
6681	6838073
6701	6854690
6721	6802143
6741	6787215
6761	6781016
6781	6781016
6801	6781016
6821	6772187
6841	6772187
6861	6772187
6881	6772187
6901	6772187
6921	6754061
6941	6764108
6961	6755137
6981	6730861
7001	6731316
7021	6759268
7041	6758619
7061	6763914
7081	6758861
7101	6869712
7121	6767624
7141	6759388
7161	6766007
7181	6748296
7201	6751072
7221	6756942
7241	6753848
7261	6754858
7281	6754858
7301	6757854
7321	6757854
7341	6761266
7361	6745604
7381	6745604
7401	6745604
7421	6746422
7441	6746422
7461	6746422
7481	6746422
7501	6746422
7521	6746422
7541	6740288
7561	6745492
7581	6744525
7601	6744525
7621	6744595
7641	6744595
7661	6744595
7681	6744595
7701	6748349
7721	6748349
7741	6744261
7761	6726315
7781	6736479
7801	6747579
7821	6747579
7841	6743302
7861	6743302
7881	6742378
7901	6742378
7921	6742378
7941	6742378
7961	6742378
7981	6742378
8001	6761906
8021	6761906
8041	6761906
8061	6765679
8081	6801203
8101	6790892
8121	6790304
8141	6765002
8161	6742434
8181	6719502
8201	6715059
8221	6715059
8241	6702094
8261	6699466
8281	6705706
8301	6705706
8321	6706559
8341	6718262
8361	6718262
8381	6718262
8401	6718262
8421	6718262
8441	6727924
8461	6727924
8481	6716293
8501	6716293
8521	6707253
8541	6707253
8561	6707253
8581	6707253
8601	6709500
8621	6709500
8641	6720780
8661	6720780
8681	6720780
8701	6719227
8721	6586631
8741	6623787
8761	6654207
8781	6656275
8801	6610285
8821	6628349
8841	6628753
8861	6626045
8881	6612972
8901	6612972
8921	6601694
8941	6601694
8961	6601694
8981	6601694
9001	6592887
9021	6592887
9041	6592887
9061	6600363
9081	6610025
9101	6610025
9121	6610025
9141	6610025
9161	6613069
9181	6613069
9201	6613069
9221	6613668
9241	6615206
9261	6615206
9281	6618881
9301	6620529
9321	6619656
9341	6625735
9361	6625735
9381	6627359
9401	6633549
9421	6633549
9441	6633549
9461	6633549
9481	6633549
9501	6633549
9521	6633549
9541	6633549
9561	6633549
9581	6641104
9601	6641586
9621	6650063
9641	6651534
9661	6642283
9681	6642283
9701	6637910
9721	6651678
9741	6651678
9761	6646323
9781	6646323
9801	6646323
9821	6646323
9841	6646323
9861	6637104
9881	6637104
9901	6637104
9921	6637104
9941	6637104
9961	6637104
9981	6642335
