1	1621333
51	1621333
101	1621333
151	1621333
201	1621333
251	1631795
301	1815110
351	2166260
401	2381049
451	2630058
501	2911074
551	3305088
601	3544638
651	3581513
701	3976834
751	4167472
801	4244152
851	4300462
901	4732973
951	4890265
1001	5026699
1051	5062728
1101	5048702
1151	5093766
1201	5132688
1251	5159157
1301	5318085
1351	5335077
1401	5466795
1451	5525013
1501	5715246
1551	5722099
1601	5706417
1651	5714871
1701	5715269
1751	5741665
1801	5826739
1851	5813516
1901	5819889
1951	5783499
2001	5973403
2051	5994947
2101	6078224
2151	6081556
2201	6068898
2251	6065449
2301	6053101
2351	6145475
2401	6134995
2451	6123961
2501	6133084
2551	6113939
2601	6144004
2651	6193173
2701	6192705
2751	6178853
2801	6135239
2851	6181357
2901	6172571
2951	6195896
3001	6201317
3051	6170691
3101	6175150
3151	6198661
3201	6203923
3251	6201636
3301	6213602
3351	6166438
3401	6181698
3451	6181698
3501	6191459
3551	6237404
3601	6237232
3651	6192905
3701	6219448
3751	6293260
3801	6267157
3851	6282199
3901	6241854
3951	6241854
4001	6243289
4051	6234016
4101	6226601
4151	6226601
4201	6229065
4251	6233651
4301	6236669
4351	6233997
4401	6230238
4451	6261888
4501	6257912
4551	6261033
4601	6262394
4651	6237817
4701	6241689
4751	6262769
4801	6239416
4851	6257702
4901	6221562
4951	6220879
5001	6245496
5051	6302413
5101	6339215
5151	6323023
5201	6257658
5251	6275353
5301	6272234
5351	6270692
5401	6257489
5451	6224972
5501	6287148
5551	6267089
5601	6267089
5651	6267266
5701	6267266
5751	6263628
5801	6259057
5851	6227510
5901	6264061
5951	6271433
6001	6263331
6051	6263331
6101	6263331
6151	6241563
6201	6269567
6251	6262500
6301	6309181
6351	6243233
6401	6264377
6451	6248906
6501	6248345
6551	6201642
6601	6254843
6651	6290824
6701	6369315
6751	6285484
6801	6271476
6851	6260988
6901	6260988
6951	6267395
7001	6191737
7051	6225763
7101	6295719
7151	6249940
7201	6253808
7251	6241493
7301	6244490
7351	6232240
7401	6232240
7451	6233057
7501	6262477
7551	6252742
7601	6228643
7651	6226579
7701	6230333
7751	6211161
7801	6245401
7851	6234134
7901	6233210
7951	6233210
8001	6233210
8051	6248669
8101	6260053
8151	6234507
8201	6206395
8251	6188764
8301	6163675
8351	6209567
8401	6209567
8451	6213322
8501	6249095
8551	6211139
8601	6213386
8651	6213386
8701	6242111
8751	6242111
8801	6223146
8851	6228908
8901	6215516
8951	6204238
9001	6178026
9051	6205893
9101	6202522
9151	6202522
9201	6219315
9251	6219914
9301	6225237
9351	6255334
9401	6252111
9451	6237534
9501	6237534
9551	6237534
9601	6268645
9651	6285292
9701	6271667
9751	6285435
9801	6217676
9851	6243306
9901	6243306
9951	6243306
